shape_id,shape_pt_lat,shape_pt_lon,shape_pt_sequence,shape_dist_traveled
3,41.4163604,2.2045509,1,0.000
3,41.4165654,2.2048145,2,31.669
3,41.4170503,2.2054535,3,107.505
3,41.4175215,2.2060697,4,180.918
3,41.4180144,2.2067103,5,257.473
3,41.4185074,2.2073661,6,334.922
3,41.4186226,2.2075943,7,357.890
3,41.4190915,2.2082440,8,433.114
3,41.4195548,2.2088770,9,506.892
3,41.4200298,2.2095233,10,582.381
3,41.4200988,2.2096104,11,592.947
3,41.4203986,2.2099889,12,638.866
3,41.4206046,2.2102571,13,670.893
3,41.4208272,2.2105586,14,706.182
3,41.4208628,2.2106202,15,712.671
3,41.4208879,2.2106957,16,719.574
3,41.4208955,2.2107534,17,724.465
3,41.4208915,2.2108366,18,731.437
3,41.4208895,2.2108608,19,733.469
3,41.4208838,2.2108760,20,734.891
3,41.4208713,2.2109126,21,738.250
3,41.4208524,2.2109560,22,742.438
3,41.4208319,2.2109880,23,745.954
3,41.4208101,2.2110109,24,749.028
3,41.4207662,2.2110398,25,754.477
3,41.4207130,2.2110520,26,760.462
3,41.4206322,2.2110506,27,769.436
3,41.4204198,2.2110232,28,793.136
3,41.4203108,2.2110077,29,805.303
3,41.4200432,2.2109677,30,835.198
3,41.4199717,2.2109495,31,843.286
3,41.4198795,2.2109168,32,853.871
3,41.4198155,2.2108847,33,861.476
3,41.4197452,2.2108324,34,870.419
3,41.4196694,2.2107718,35,880.242
3,41.4195827,2.2107164,36,890.919
3,41.4195158,2.2106838,37,898.837
3,41.4194776,2.2106757,38,903.127
3,41.4194398,2.2106765,39,907.328
3,41.4193763,2.2106897,40,914.454
3,41.4193321,2.2107099,41,919.646
3,41.4192767,2.2107529,42,926.771
3,41.4192401,2.2107975,43,932.288
3,41.4192011,2.2108482,44,938.340
3,41.4191202,2.2109569,45,951.120
3,41.4190805,2.2110099,46,957.367
3,41.4189912,2.2111306,47,971.511
3,41.4187917,2.2113965,48,1002.890
3,41.4186325,2.2116071,49,1027.828
3,41.4186047,2.2116448,50,1032.236
3,41.4185526,2.2117134,51,1040.381
3,41.4183298,2.2120086,52,1075.319
3,41.4181253,2.2122795,53,1107.385
3,41.4180987,2.2123146,54,1111.543
3,41.4178785,2.2126104,55,1146.317
3,41.4177216,2.2128235,56,1171.228
3,41.4176485,2.2129162,57,1182.445
3,41.4174910,2.2131314,58,1207.523
3,41.4172199,2.2134789,59,1249.355
3,41.4171750,2.2135368,60,1256.304
3,41.4171706,2.2135429,61,1257.009
3,41.4170006,2.2137799,62,1284.363
3,41.4169400,2.2138686,63,1294.375
3,41.4169174,2.2139020,64,1298.129
3,41.4168882,2.2139631,65,1304.177
3,41.4168751,2.2140115,66,1308.477
3,41.4168669,2.2140486,67,1311.706
3,41.4168641,2.2141007,68,1316.076
3,41.4168646,2.2141368,69,1319.092
3,41.4168687,2.2141806,70,1322.778
3,41.4168758,2.2142224,71,1326.356
3,41.4168868,2.2142544,72,1329.302
3,41.4168959,2.2142769,73,1331.434
3,41.4169056,2.2143017,74,1333.767
3,41.4169184,2.2143268,75,1336.304
3,41.4169387,2.2143561,76,1339.631
3,41.4169813,2.2144127,77,1346.318
3,41.4170415,2.2144959,78,1355.970
3,41.4172792,2.2148127,79,1393.349
3,41.4173609,2.2149214,80,1406.190
3,41.4178376,2.2155535,81,1480.962
3,41.4179959,2.2157653,82,1505.904
3,41.4183437,2.2162313,83,1560.746
3,41.4187873,2.2168198,84,1630.350
3,41.4188021,2.2168404,85,1632.732
3,41.4188292,2.2168782,86,1637.096
3,41.4189037,2.2169812,87,1649.030
3,41.4189541,2.2170517,88,1657.157
3,41.4190084,2.2171301,89,1666.063
3,41.4191211,2.2172935,90,1684.586
3,41.4192531,2.2174663,91,1705.161
3,41.4194018,2.2176618,92,1728.381
3,41.4195635,2.2178745,93,1753.643
3,41.4196272,2.2179588,94,1763.623
3,41.4196636,2.2180006,95,1768.971
3,41.4197020,2.2180499,96,1774.899
3,41.4197275,2.2180822,97,1778.812
3,41.4197995,2.2181682,98,1789.559
3,41.4198548,2.2182330,99,1797.744
3,41.4199396,2.2183389,100,1810.667
3,41.4200330,2.2184606,101,1825.189
3,41.4201521,2.2186123,102,1843.513
3,41.4204255,2.2189829,103,1886.879
3,41.4205554,2.2191583,104,1907.440
3,41.4206034,2.2192197,105,1914.843
3,41.4207647,2.2194318,106,1940.036
3,41.4209043,2.2196225,107,1962.266
3,41.4209381,2.2196682,108,1967.615
3,41.4210514,2.2198180,109,1985.365
3,41.4211503,2.2199499,110,2000.926
3,41.4213118,2.2201644,111,2026.275
3,41.4213487,2.2202189,112,2032.404
3,41.4213756,2.2202529,113,2036.528
3,41.4214235,2.2203176,114,2044.108
3,41.4215290,2.2204649,115,2061.100
3,41.4215688,2.2205189,116,2067.419
3,41.4216078,2.2205709,117,2073.550
3,41.4218378,2.2208824,118,2110.014
3,41.4218526,2.2209011,119,2112.283
3,41.4218976,2.2209630,120,2119.477
3,41.4219989,2.2210953,121,2135.246
3,41.4221332,2.2212754,122,2156.437
3,41.4222641,2.2214790,123,2178.807
3,41.4223098,2.2215488,124,2186.539
3,41.4223440,2.2215968,125,2192.065
3,41.4223937,2.2216600,126,2199.702
3,41.4224455,2.2217311,127,2207.966
3,41.4224924,2.2217927,128,2215.293
3,41.4225270,2.2218387,129,2220.723
3,41.4225521,2.2218738,130,2224.775
3,41.4226297,2.2219767,131,2236.943
3,41.4227966,2.2221981,132,2263.134
3,41.4228320,2.2222497,133,2268.971
3,41.4229085,2.2223573,134,2281.336
3,41.4230462,2.2225198,135,2301.777
3,41.4231408,2.2226226,136,2315.356
3,41.4231768,2.2226565,137,2320.249
3,41.4232188,2.2226975,138,2326.038
3,41.4232785,2.2227512,139,2334.037
3,41.4234196,2.2228775,140,2352.927
3,41.4235370,2.2229874,141,2368.876
3,41.4236133,2.2230517,142,2378.904
3,41.4236887,2.2231183,143,2388.956
3,41.4237746,2.2231955,144,2400.468
3,41.4238368,2.2232516,145,2408.819
3,41.4239525,2.2233521,146,2424.168
3,41.4240945,2.2234725,147,2442.871
3,41.4242663,2.2236210,148,2465.625
3,41.4244189,2.2237578,149,2486.055
3,41.4245591,2.2238805,150,2504.700
3,41.4247204,2.2240231,151,2526.210
3,41.4249308,2.2242043,152,2554.045
3,41.4249834,2.2242499,153,2561.017
3,41.4251201,2.2243656,154,2579.017
3,41.4253077,2.2245340,155,2604.149
3,41.4255163,2.2247222,156,2632.145
3,41.4258888,2.2250425,157,2681.410
3,41.4260273,2.2251641,158,2699.839
3,41.4261139,2.2252375,159,2711.245
3,41.4266450,2.2257186,160,2782.611
3,41.4267262,2.2257886,161,2793.354
3,41.4268564,2.2259079,162,2810.919
3,41.4268855,2.2259252,163,2814.455
3,41.4269351,2.2259539,164,2820.456
3,41.4269771,2.2259726,165,2825.374
3,41.4270083,2.2259769,166,2828.860
3,41.4270395,2.2259769,167,2832.328
3,41.4270686,2.2259769,168,2835.557
3,41.4271074,2.2259596,169,2840.096
3,41.4271419,2.2259467,170,2844.072
3,41.4271569,2.2259381,171,2845.895
3,41.4271720,2.2259223,172,2848.027
3,41.4272108,2.2258950,173,2852.899
3,41.4272399,2.2258419,174,2858.389
3,41.4272700,2.2257916,175,2863.762
3,41.4272830,2.2257629,176,2866.558
3,41.4273067,2.2257126,177,2871.515
3,41.4274391,2.2254486,178,2898.022
3,41.4276265,2.2250748,179,2935.559
3,41.4276427,2.2250346,180,2939.368
3,41.4278883,2.2245462,181,2988.448
3,41.4279335,2.2244557,182,2997.526
3,41.4279594,2.2243925,183,3003.537
3,41.4280024,2.2242948,184,3012.997
3,41.4280121,2.2242689,185,3015.411
3,41.4280283,2.2242330,186,3018.907
3,41.4280897,2.2240865,187,3032.920
3,41.4282049,2.2238624,188,3055.598
3,41.4283686,2.2235306,189,3088.752
3,41.4284850,2.2232979,190,3112.094
3,41.4287434,2.2227836,191,3163.767
3,41.4287650,2.2227405,192,3168.090
3,41.4288824,2.2224963,193,3192.303
3,41.4289212,2.2224245,194,3199.688
3,41.4289405,2.2223914,195,3203.189
3,41.4289502,2.2223670,196,3205.496
3,41.4289750,2.2223196,197,3210.318
3,41.4290105,2.2222794,198,3215.501
3,41.4290429,2.2222392,199,3220.417
3,41.4290902,2.2222191,200,3225.940
3,41.4291366,2.2221889,201,3231.666
3,41.4291786,2.2221674,202,3236.665
3,41.4292066,2.2221516,203,3240.043
3,41.4292723,2.2221142,204,3247.977
3,41.4293638,2.2220697,205,3258.800
3,41.4294651,2.2220467,206,3270.203
3,41.4295168,2.2220467,207,3275.943
3,41.4295986,2.2220510,208,3285.038
3,41.4296471,2.2220611,209,3290.484
3,41.4297171,2.2220855,210,3298.520
3,41.4297731,2.2221113,211,3305.102
3,41.4298097,2.2221314,212,3309.501
3,41.4298517,2.2221544,213,3314.545
3,41.4299957,2.2222513,214,3332.461
3,41.4301845,2.2223972,215,3356.712
3,41.4303687,2.2226026,216,3383.408
3,41.4304538,2.2226816,217,3394.933
3,41.4305280,2.2227536,218,3405.137
3,41.4306584,2.2228798,219,3423.049
3,41.4309083,2.2231456,220,3458.582
3,41.4310351,2.2232686,221,3476.014
3,41.4313800,2.2236512,222,3525.899
3,41.4315087,2.2237820,223,3543.884
3,41.4316250,2.2238954,224,3559.905
3,41.4318307,2.2240980,225,3588.330
3,41.4319880,2.2242663,226,3610.753
3,41.4320648,2.2243520,227,3621.891
3,41.4321567,2.2244555,228,3635.262
3,41.4322630,2.2245646,229,3650.175
3,41.4324152,2.2247370,230,3672.379
3,41.4325832,2.2249151,231,3696.242
3,41.4327512,2.2251047,232,3720.715
3,41.4329508,2.2253307,233,3749.829
3,41.4330958,2.2254859,234,3770.500
3,41.4331648,2.2255644,235,3780.580
3,41.4334907,2.2259283,236,3827.847
3,41.4336142,2.2260662,237,3845.756
3,41.4336846,2.2261505,238,3856.273
3,41.4339646,2.2264818,239,3897.901
3,41.4341125,2.2266542,240,3919.743
3,41.4342177,2.2267782,241,3935.359
3,41.4342536,2.2268213,242,3940.722
3,41.4344413,2.2270545,243,3969.258
3,41.4346165,2.2272594,244,3995.170
3,41.4346653,2.2273150,245,4002.306
3,41.4347687,2.2274299,246,4017.271
3,41.4349094,2.2275946,247,4038.091
3,41.4349290,2.2276157,248,4040.885
3,41.4351047,2.2278053,249,4066.018
3,41.4351320,2.2278379,250,4070.089
3,41.4353000,2.2280198,251,4094.152
3,41.4355053,2.2282516,252,4124.062
3,41.4356532,2.2284163,253,4145.487
3,41.4357968,2.2285772,254,4166.339
3,41.4360510,2.2288645,255,4203.384
3,41.4361644,2.2289947,256,4220.028
3,41.4362592,2.2290943,257,4233.442
3,41.4364731,2.2293375,258,4264.703
3,41.4366770,2.2295655,259,4294.284
3,41.4367043,2.2295942,260,4298.149
3,41.4370647,2.2299945,261,4350.298
3,41.4372006,2.2301513,262,4370.278
3,41.4372634,2.2302160,263,4379.099
3,41.4374572,2.2304386,264,4407.546
3,41.4377013,2.2307091,265,4442.834
3,41.4379795,2.2310300,266,4483.729
3,41.4382091,2.2312850,267,4516.950
3,41.4382248,2.2312979,268,4519.003
3,41.4386571,2.2317887,269,4582.125
3,41.4389611,2.2321333,270,4626.484
3,41.4390259,2.2321924,271,4635.211
3,41.4391444,2.2323331,272,4652.855
3,41.4391581,2.2323463,273,4654.730
3,41.4392208,2.2324158,274,4663.799
3,41.4393533,2.2325678,275,4683.236
3,41.4394208,2.2326508,276,4693.445
3,41.4394886,2.2327340,277,4703.690
3,41.4396035,2.2328669,278,4720.597
3,41.4397372,2.2330189,279,4740.134
3,41.4399493,2.2332568,280,4770.949
7,41.4163604,2.2045509,1,0.000
7,41.4165654,2.2048145,2,31.669
7,41.4170503,2.2054535,3,107.505
7,41.4175215,2.2060697,4,180.918
7,41.4180144,2.2067103,5,257.473
7,41.4185074,2.2073661,6,334.922
7,41.4186226,2.2075943,7,357.890
7,41.4190915,2.2082440,8,433.114
7,41.4195548,2.2088770,9,506.892
7,41.4200298,2.2095233,10,582.381
7,41.4200988,2.2096104,11,592.947
7,41.4203986,2.2099889,12,638.866
7,41.4206046,2.2102571,13,670.893
7,41.4208272,2.2105586,14,706.182
7,41.4208628,2.2106202,15,712.671
7,41.4208879,2.2106957,16,719.574
7,41.4208955,2.2107534,17,724.465
7,41.4208915,2.2108366,18,731.437
7,41.4208895,2.2108608,19,733.469
7,41.4208838,2.2108760,20,734.891
7,41.4208713,2.2109126,21,738.250
7,41.4208524,2.2109560,22,742.438
7,41.4208319,2.2109880,23,745.954
7,41.4208101,2.2110109,24,749.028
7,41.4207662,2.2110398,25,754.477
7,41.4207130,2.2110520,26,760.462
7,41.4206322,2.2110506,27,769.436
7,41.4204198,2.2110232,28,793.136
7,41.4203108,2.2110077,29,805.303
7,41.4200432,2.2109677,30,835.198
7,41.4199717,2.2109495,31,843.286
7,41.4198795,2.2109168,32,853.871
7,41.4198155,2.2108847,33,861.476
7,41.4197452,2.2108324,34,870.419
7,41.4196694,2.2107718,35,880.242
7,41.4195827,2.2107164,36,890.919
7,41.4195158,2.2106838,37,898.837
7,41.4194776,2.2106757,38,903.127
7,41.4194398,2.2106765,39,907.328
7,41.4193763,2.2106897,40,914.454
7,41.4193321,2.2107099,41,919.646
7,41.4192767,2.2107529,42,926.771
7,41.4192401,2.2107975,43,932.288
7,41.4192011,2.2108482,44,938.340
7,41.4191202,2.2109569,45,951.120
7,41.4190805,2.2110099,46,957.367
7,41.4189912,2.2111306,47,971.511
7,41.4187917,2.2113965,48,1002.890
7,41.4186325,2.2116071,49,1027.828
7,41.4186047,2.2116448,50,1032.236
7,41.4185526,2.2117134,51,1040.381
7,41.4183298,2.2120086,52,1075.319
7,41.4181253,2.2122795,53,1107.385
7,41.4180987,2.2123146,54,1111.543
7,41.4178785,2.2126104,55,1146.317
7,41.4177216,2.2128235,56,1171.228
7,41.4176485,2.2129162,57,1182.445
7,41.4174910,2.2131314,58,1207.523
7,41.4172199,2.2134789,59,1249.355
7,41.4171750,2.2135368,60,1256.304
7,41.4171706,2.2135429,61,1257.009
7,41.4170006,2.2137799,62,1284.363
7,41.4169400,2.2138686,63,1294.375
7,41.4169174,2.2139020,64,1298.129
7,41.4168882,2.2139631,65,1304.177
7,41.4168751,2.2140115,66,1308.477
7,41.4168669,2.2140486,67,1311.706
7,41.4168641,2.2141007,68,1316.076
7,41.4168646,2.2141368,69,1319.092
7,41.4168687,2.2141806,70,1322.778
7,41.4168758,2.2142224,71,1326.356
7,41.4168868,2.2142544,72,1329.302
7,41.4168959,2.2142769,73,1331.434
7,41.4169056,2.2143017,74,1333.767
7,41.4169184,2.2143268,75,1336.304
7,41.4169387,2.2143561,76,1339.631
7,41.4169813,2.2144127,77,1346.318
7,41.4170415,2.2144959,78,1355.970
7,41.4172792,2.2148127,79,1393.349
7,41.4173609,2.2149214,80,1406.190
7,41.4178376,2.2155535,81,1480.962
7,41.4179959,2.2157653,82,1505.904
7,41.4183437,2.2162313,83,1560.746
7,41.4187873,2.2168198,84,1630.350
7,41.4188021,2.2168404,85,1632.732
7,41.4188292,2.2168782,86,1637.096
7,41.4189037,2.2169812,87,1649.030
7,41.4189541,2.2170517,88,1657.157
7,41.4190084,2.2171301,89,1666.063
7,41.4191211,2.2172935,90,1684.586
7,41.4192531,2.2174663,91,1705.161
7,41.4194018,2.2176618,92,1728.381
7,41.4195635,2.2178745,93,1753.643
7,41.4196272,2.2179588,94,1763.623
7,41.4196636,2.2180006,95,1768.971
7,41.4197020,2.2180499,96,1774.899
7,41.4197275,2.2180822,97,1778.812
7,41.4197995,2.2181682,98,1789.559
7,41.4198548,2.2182330,99,1797.744
7,41.4199396,2.2183389,100,1810.667
7,41.4200330,2.2184606,101,1825.189
7,41.4201521,2.2186123,102,1843.513
7,41.4204255,2.2189829,103,1886.879
7,41.4205554,2.2191583,104,1907.440
7,41.4206034,2.2192197,105,1914.843
7,41.4207647,2.2194318,106,1940.036
7,41.4209043,2.2196225,107,1962.266
7,41.4209381,2.2196682,108,1967.615
7,41.4210514,2.2198180,109,1985.365
7,41.4211503,2.2199499,110,2000.926
7,41.4213118,2.2201644,111,2026.275
7,41.4213487,2.2202189,112,2032.404
7,41.4213756,2.2202529,113,2036.528
7,41.4214235,2.2203176,114,2044.108
7,41.4215290,2.2204649,115,2061.100
7,41.4215688,2.2205189,116,2067.419
7,41.4216078,2.2205709,117,2073.550
7,41.4218378,2.2208824,118,2110.014
7,41.4218526,2.2209011,119,2112.283
7,41.4218976,2.2209630,120,2119.477
7,41.4219989,2.2210953,121,2135.246
7,41.4221332,2.2212754,122,2156.437
7,41.4222641,2.2214790,123,2178.807
7,41.4223098,2.2215488,124,2186.539
7,41.4223440,2.2215968,125,2192.065
7,41.4223937,2.2216600,126,2199.702
7,41.4224455,2.2217311,127,2207.966
7,41.4224924,2.2217927,128,2215.293
7,41.4225270,2.2218387,129,2220.723
7,41.4225521,2.2218738,130,2224.775
7,41.4226297,2.2219767,131,2236.943
7,41.4227966,2.2221981,132,2263.134
7,41.4228320,2.2222497,133,2268.971
7,41.4229085,2.2223573,134,2281.336
7,41.4230462,2.2225198,135,2301.777
7,41.4231408,2.2226226,136,2315.356
7,41.4231768,2.2226565,137,2320.249
7,41.4232188,2.2226975,138,2326.038
7,41.4232785,2.2227512,139,2334.037
7,41.4234196,2.2228775,140,2352.927
7,41.4235370,2.2229874,141,2368.876
7,41.4236133,2.2230517,142,2378.904
7,41.4236887,2.2231183,143,2388.956
7,41.4237746,2.2231955,144,2400.468
7,41.4238368,2.2232516,145,2408.819
7,41.4239525,2.2233521,146,2424.168
7,41.4240945,2.2234725,147,2442.871
7,41.4242663,2.2236210,148,2465.625
7,41.4244189,2.2237578,149,2486.055
7,41.4245591,2.2238805,150,2504.700
7,41.4247204,2.2240231,151,2526.210
7,41.4249308,2.2242043,152,2554.045
7,41.4249834,2.2242499,153,2561.017
7,41.4251201,2.2243656,154,2579.017
7,41.4253077,2.2245340,155,2604.149
7,41.4255163,2.2247222,156,2632.145
7,41.4258888,2.2250425,157,2681.410
7,41.4260273,2.2251641,158,2699.839
7,41.4261139,2.2252375,159,2711.245
7,41.4266450,2.2257186,160,2782.611
7,41.4267262,2.2257886,161,2793.354
7,41.4268564,2.2259079,162,2810.919
7,41.4268855,2.2259252,163,2814.455
7,41.4269351,2.2259539,164,2820.456
7,41.4269771,2.2259726,165,2825.374
7,41.4270083,2.2259769,166,2828.860
7,41.4270395,2.2259769,167,2832.328
7,41.4270686,2.2259769,168,2835.557
7,41.4271074,2.2259596,169,2840.096
7,41.4271419,2.2259467,170,2844.072
7,41.4271569,2.2259381,171,2845.895
7,41.4271720,2.2259223,172,2848.027
7,41.4272108,2.2258950,173,2852.899
7,41.4272399,2.2258419,174,2858.389
7,41.4272700,2.2257916,175,2863.762
7,41.4272830,2.2257629,176,2866.558
7,41.4273067,2.2257126,177,2871.515
7,41.4274391,2.2254486,178,2898.022
7,41.4276265,2.2250748,179,2935.559
7,41.4276427,2.2250346,180,2939.368
7,41.4278883,2.2245462,181,2988.448
7,41.4279335,2.2244557,182,2997.526
7,41.4279594,2.2243925,183,3003.537
7,41.4280024,2.2242948,184,3012.997
7,41.4280121,2.2242689,185,3015.411
7,41.4280283,2.2242330,186,3018.907
7,41.4280897,2.2240865,187,3032.920
7,41.4282049,2.2238624,188,3055.598
7,41.4283686,2.2235306,189,3088.752
7,41.4284850,2.2232979,190,3112.094
7,41.4287434,2.2227836,191,3163.767
7,41.4287650,2.2227405,192,3168.090
7,41.4288824,2.2224963,193,3192.303
7,41.4289212,2.2224245,194,3199.688
7,41.4289405,2.2223914,195,3203.189
7,41.4289502,2.2223670,196,3205.496
7,41.4289750,2.2223196,197,3210.318
7,41.4290105,2.2222794,198,3215.501
7,41.4290429,2.2222392,199,3220.417
7,41.4290902,2.2222191,200,3225.940
7,41.4291366,2.2221889,201,3231.666
7,41.4291786,2.2221674,202,3236.665
7,41.4292066,2.2221516,203,3240.043
7,41.4292723,2.2221142,204,3247.977
7,41.4293638,2.2220697,205,3258.800
7,41.4294651,2.2220467,206,3270.203
7,41.4295168,2.2220467,207,3275.943
7,41.4295986,2.2220510,208,3285.038
7,41.4296471,2.2220611,209,3290.484
7,41.4297171,2.2220855,210,3298.520
7,41.4297731,2.2221113,211,3305.102
7,41.4298097,2.2221314,212,3309.501
7,41.4298517,2.2221544,213,3314.545
7,41.4299957,2.2222513,214,3332.461
7,41.4301845,2.2223972,215,3356.712
7,41.4303687,2.2226026,216,3383.408
7,41.4304538,2.2226816,217,3394.933
7,41.4305280,2.2227536,218,3405.137
7,41.4306584,2.2228798,219,3423.049
7,41.4309083,2.2231456,220,3458.582
7,41.4310351,2.2232686,221,3476.014
7,41.4313800,2.2236512,222,3525.899
7,41.4315087,2.2237820,223,3543.884
7,41.4316250,2.2238954,224,3559.905
7,41.4318307,2.2240980,225,3588.330
7,41.4319880,2.2242663,226,3610.753
7,41.4320648,2.2243520,227,3621.891
7,41.4321567,2.2244555,228,3635.262
7,41.4322630,2.2245646,229,3650.175
7,41.4324152,2.2247370,230,3672.379
7,41.4325832,2.2249151,231,3696.242
7,41.4327512,2.2251047,232,3720.715
7,41.4329508,2.2253307,233,3749.829
7,41.4330958,2.2254859,234,3770.500
7,41.4331648,2.2255644,235,3780.580
7,41.4334907,2.2259283,236,3827.847
7,41.4336142,2.2260662,237,3845.756
7,41.4336846,2.2261505,238,3856.273
7,41.4339646,2.2264818,239,3897.901
7,41.4341125,2.2266542,240,3919.743
7,41.4342177,2.2267782,241,3935.359
7,41.4342536,2.2268213,242,3940.722
7,41.4344413,2.2270545,243,3969.258
7,41.4346165,2.2272594,244,3995.170
7,41.4346653,2.2273150,245,4002.306
7,41.4347687,2.2274299,246,4017.271
7,41.4349094,2.2275946,247,4038.091
7,41.4349290,2.2276157,248,4040.885
7,41.4351047,2.2278053,249,4066.018
7,41.4351320,2.2278379,250,4070.089
7,41.4353000,2.2280198,251,4094.152
7,41.4355053,2.2282516,252,4124.062
7,41.4356532,2.2284163,253,4145.487
7,41.4357968,2.2285772,254,4166.339
7,41.4360510,2.2288645,255,4203.384
7,41.4361644,2.2289947,256,4220.028
7,41.4362592,2.2290943,257,4233.442
7,41.4364731,2.2293375,258,4264.703
7,41.4366770,2.2295655,259,4294.284
7,41.4367043,2.2295942,260,4298.149
7,41.4370647,2.2299945,261,4350.298
7,41.4372006,2.2301513,262,4370.278
7,41.4372634,2.2302160,263,4379.099
7,41.4374572,2.2304386,264,4407.546
7,41.4377013,2.2307091,265,4442.834
7,41.4379795,2.2310300,266,4483.729
7,41.4382091,2.2312850,267,4516.950
7,41.4382248,2.2312979,268,4519.003
7,41.4386571,2.2317887,269,4582.125
7,41.4389611,2.2321333,270,4626.484
7,41.4390259,2.2321924,271,4635.211
7,41.4390540,2.2322146,272,4638.845
7,41.4390680,2.2322251,273,4640.627
7,41.4390971,2.2322463,274,4644.311
7,41.4391150,2.2322575,275,4646.509
7,41.4391284,2.2322677,276,4648.224
7,41.4391385,2.2322747,277,4649.485
7,41.4391763,2.2323046,278,4654.371
7,41.4392793,2.2324176,279,4669.202
7,41.4393450,2.2324910,280,4678.731
7,41.4394146,2.2325568,281,4688.211
7,41.4394553,2.2326005,282,4694.025
7,41.4395323,2.2326790,283,4704.799
7,41.4395681,2.2327201,284,4710.049
7,41.4396303,2.2327888,285,4719.029
7,41.4399760,2.2331777,286,4769.316
5,41.4163604,2.2045509,1,0.000
5,41.4165654,2.2048145,2,31.669
5,41.4170503,2.2054535,3,107.505
5,41.4175215,2.2060697,4,180.918
5,41.4180144,2.2067103,5,257.473
5,41.4185074,2.2073661,6,334.922
5,41.4186226,2.2075943,7,357.890
5,41.4190915,2.2082440,8,433.114
5,41.4195548,2.2088770,9,506.892
5,41.4200298,2.2095233,10,582.381
5,41.4200988,2.2096104,11,592.947
5,41.4203986,2.2099889,12,638.866
5,41.4206046,2.2102571,13,670.893
5,41.4208272,2.2105586,14,706.182
5,41.4208628,2.2106202,15,712.671
5,41.4208879,2.2106957,16,719.574
5,41.4208955,2.2107534,17,724.465
5,41.4208915,2.2108366,18,731.437
5,41.4208895,2.2108608,19,733.469
5,41.4208838,2.2108760,20,734.891
5,41.4208713,2.2109126,21,738.250
5,41.4208524,2.2109560,22,742.438
5,41.4208319,2.2109880,23,745.954
5,41.4208101,2.2110109,24,749.028
5,41.4207662,2.2110398,25,754.477
5,41.4207130,2.2110520,26,760.462
5,41.4206322,2.2110506,27,769.436
5,41.4204198,2.2110232,28,793.136
5,41.4203108,2.2110077,29,805.303
5,41.4200432,2.2109677,30,835.198
5,41.4199717,2.2109495,31,843.286
5,41.4198795,2.2109168,32,853.871
5,41.4198155,2.2108847,33,861.476
5,41.4197452,2.2108324,34,870.419
5,41.4196694,2.2107718,35,880.242
5,41.4195827,2.2107164,36,890.919
5,41.4195158,2.2106838,37,898.837
5,41.4194776,2.2106757,38,903.127
5,41.4194398,2.2106765,39,907.328
5,41.4193763,2.2106897,40,914.454
5,41.4193321,2.2107099,41,919.646
5,41.4192767,2.2107529,42,926.771
5,41.4192401,2.2107975,43,932.288
5,41.4192011,2.2108482,44,938.340
5,41.4191202,2.2109569,45,951.120
5,41.4190805,2.2110099,46,957.367
5,41.4189912,2.2111306,47,971.511
5,41.4187917,2.2113965,48,1002.890
5,41.4186325,2.2116071,49,1027.828
5,41.4186047,2.2116448,50,1032.236
5,41.4185526,2.2117134,51,1040.381
5,41.4183298,2.2120086,52,1075.319
5,41.4181253,2.2122795,53,1107.385
5,41.4180987,2.2123146,54,1111.543
5,41.4178785,2.2126104,55,1146.317
5,41.4177216,2.2128235,56,1171.228
5,41.4176485,2.2129162,57,1182.445
5,41.4174910,2.2131314,58,1207.523
5,41.4172199,2.2134789,59,1249.355
5,41.4171750,2.2135368,60,1256.304
5,41.4171706,2.2135429,61,1257.009
5,41.4170006,2.2137799,62,1284.363
5,41.4169400,2.2138686,63,1294.375
5,41.4169174,2.2139020,64,1298.129
5,41.4168882,2.2139631,65,1304.177
5,41.4168751,2.2140115,66,1308.477
5,41.4168669,2.2140486,67,1311.706
5,41.4168641,2.2141007,68,1316.076
5,41.4168646,2.2141368,69,1319.092
5,41.4168687,2.2141806,70,1322.778
5,41.4168758,2.2142224,71,1326.356
5,41.4168868,2.2142544,72,1329.302
5,41.4168959,2.2142769,73,1331.434
5,41.4169056,2.2143017,74,1333.767
5,41.4169184,2.2143268,75,1336.304
5,41.4169387,2.2143561,76,1339.631
5,41.4169813,2.2144127,77,1346.318
5,41.4170415,2.2144959,78,1355.970
5,41.4172792,2.2148127,79,1393.349
5,41.4173609,2.2149214,80,1406.190
5,41.4178376,2.2155535,81,1480.962
5,41.4179959,2.2157653,82,1505.904
5,41.4183437,2.2162313,83,1560.746
5,41.4187873,2.2168198,84,1630.350
5,41.4188021,2.2168404,85,1632.732
5,41.4188292,2.2168782,86,1637.096
5,41.4189037,2.2169812,87,1649.030
5,41.4189541,2.2170517,88,1657.157
5,41.4190084,2.2171301,89,1666.063
5,41.4191211,2.2172935,90,1684.586
5,41.4192531,2.2174663,91,1705.161
5,41.4194018,2.2176618,92,1728.381
5,41.4195635,2.2178745,93,1753.643
5,41.4196272,2.2179588,94,1763.623
5,41.4196636,2.2180006,95,1768.971
5,41.4197020,2.2180499,96,1774.899
5,41.4197275,2.2180822,97,1778.812
5,41.4197995,2.2181682,98,1789.559
5,41.4198548,2.2182330,99,1797.744
5,41.4199396,2.2183389,100,1810.667
5,41.4199513,2.2183702,101,1813.590
5,41.4199605,2.2183920,102,1815.673
5,41.4199688,2.2184122,103,1817.599
5,41.4199811,2.2184382,104,1820.162
5,41.4199908,2.2184641,105,1822.586
5,41.4199997,2.2184969,106,1825.501
5,41.4200031,2.2185286,107,1828.176
5,41.4200054,2.2185508,108,1830.043
5,41.4200063,2.2185840,109,1832.820
5,41.4200054,2.2186132,110,1835.267
5,41.4200017,2.2186439,111,1837.864
5,41.4199937,2.2186760,112,1840.687
5,41.4199854,2.2187046,113,1843.251
5,41.4199708,2.2187279,114,1845.784
5,41.4199588,2.2187470,115,1847.863
5,41.4199304,2.2187836,116,1852.254
5,41.4199115,2.2188084,117,1855.203
5,41.4198952,2.2188336,118,1857.981
5,41.4198778,2.2188565,119,1860.705
5,41.4198617,2.2188779,120,1863.227
5,41.4198225,2.2189245,121,1869.066
5,41.4193403,2.2195718,122,1945.174
5,41.4188621,2.2202024,123,2019.981
5,41.4185398,2.2206384,124,2071.053
5,41.4183863,2.2208457,125,2095.359
5,41.4183221,2.2209300,126,2105.376
5,41.4179091,2.2214728,127,2169.881
5,41.4174914,2.2220397,128,2236.170
5,41.4174366,2.2221048,129,2244.336
5,41.4169567,2.2227447,130,2319.824
5,41.4164798,2.2233827,131,2394.963
5,41.4164162,2.2234586,132,2404.462
5,41.4164003,2.2235087,133,2409.004
5,41.4163898,2.2235381,134,2411.718
5,41.4163823,2.2235750,135,2414.918
5,41.4163801,2.2236040,136,2417.349
5,41.4163783,2.2236272,137,2419.299
5,41.4163792,2.2236586,138,2421.926
5,41.4163807,2.2236867,139,2424.282
5,41.4163851,2.2237193,140,2427.052
5,41.4163892,2.2237419,141,2428.995
5,41.4163971,2.2237762,142,2431.990
5,41.4164061,2.2238166,143,2435.514
5,41.4164157,2.2238567,144,2439.026
5,41.4164272,2.2239023,145,2443.053
5,41.4164377,2.2239497,146,2447.175
5,41.4164489,2.2239967,147,2451.298
5,41.4164555,2.2240195,148,2453.338
5,41.4164772,2.2240605,149,2457.528
5,41.4164839,2.2240721,150,2458.749
5,41.4164931,2.2240875,151,2460.387
5,41.4165051,2.2240990,152,2462.035
5,41.4165355,2.2241371,153,2466.673
5,41.4167153,2.2243048,154,2491.063
5,41.4167703,2.2243507,155,2498.273
5,41.4169879,2.2245486,156,2527.560
5,41.4171013,2.2246411,157,2542.331
5,41.4171958,2.2247208,158,2554.763
5,41.4172425,2.2247586,159,2560.827
5,41.4172836,2.2247952,160,2566.323
5,41.4173302,2.2248342,161,2572.441
5,41.4174674,2.2249464,162,2590.320
5,41.4175844,2.2250378,163,2605.393
5,41.4176627,2.2251083,164,2615.889
5,41.4177486,2.2251834,165,2627.310
5,41.4178375,2.2252631,166,2639.223
5,41.4179023,2.2253158,167,2647.651
5,41.4180822,2.2254730,168,2671.562
5,41.4182605,2.2256347,169,2695.526
5,41.4184393,2.2257927,170,2719.370
5,41.4184651,2.2258147,171,2722.769
5,41.4187273,2.2260530,172,2758.041
5,41.4188704,2.2261795,173,2777.129
5,41.4189409,2.2262417,174,2786.522
5,41.4190321,2.2263232,175,2798.725
5,41.4192436,2.2265147,176,2827.141
5,41.4192846,2.2265518,177,2832.654
5,41.4193845,2.2266487,178,2846.382
5,41.4194445,2.2267128,179,2854.930
5,41.4194963,2.2267616,180,2861.985
5,41.4195475,2.2268097,181,2868.943
5,41.4195740,2.2268392,182,2872.784
5,41.4196353,2.2268973,183,2881.146
5,41.4198072,2.2270743,184,2905.288
5,41.4199247,2.2271872,185,2921.392
5,41.4199999,2.2272563,186,2931.543
5,41.4201143,2.2273608,187,2946.954
5,41.4201579,2.2273970,188,2952.664
5,41.4204028,2.2276040,189,2984.890
5,41.4206588,2.2278153,190,3018.349
5,41.4206858,2.2278393,191,3021.958
5,41.4208797,2.2280005,192,3047.345
5,41.4210204,2.2281231,193,3066.032
5,41.4211479,2.2282337,194,3082.936
5,41.4213586,2.2284052,195,3110.371
5,41.4215011,2.2285258,196,3129.125
5,41.4216262,2.2286301,197,3145.523
5,41.4217342,2.2287173,198,3159.559
5,41.4217655,2.2287457,199,3163.767
5,41.4219091,2.2288633,200,3182.493
5,41.4220854,2.2290169,201,3205.899
5,41.4222034,2.2291154,202,3221.375
5,41.4222603,2.2291610,203,3228.746
5,41.4223129,2.2292027,204,3235.547
5,41.4223569,2.2292463,205,3241.648
5,41.4224110,2.2292918,206,3248.750
5,41.4224963,2.2293638,207,3259.973
5,41.4225958,2.2294472,208,3273.037
5,41.4226837,2.2295197,209,3284.525
5,41.4227747,2.2295956,210,3296.450
5,41.4228499,2.2296562,211,3306.218
5,41.4228733,2.2296782,212,3309.394
5,41.4229470,2.2297393,213,3319.041
5,41.4230289,2.2298066,214,3329.730
5,41.4230750,2.2298498,215,3335.997
5,41.4230926,2.2298555,216,3338.015
5,41.4231029,2.2298599,217,3339.210
5,41.4231153,2.2298660,218,3340.681
5,41.4231387,2.2298810,219,3343.560
5,41.4231553,2.2298891,220,3345.531
5,41.4231781,2.2299024,221,3348.292
5,41.4232084,2.2299182,222,3351.908
5,41.4232327,2.2299344,223,3354.922
5,41.4233740,2.2300566,224,3373.647
5,41.4234201,2.2300929,225,3379.596
5,41.4234745,2.2301283,226,3386.315
5,41.4235187,2.2301535,227,3391.661
5,41.4235863,2.2301948,228,3399.922
5,41.4236318,2.2302268,229,3405.638
5,41.4236710,2.2302563,230,3410.637
5,41.4237329,2.2303069,231,3418.707
5,41.4239704,2.2305065,232,3449.903
4,41.4399493,2.2332568,1,0.000
4,41.4397372,2.2330189,2,30.815
4,41.4396035,2.2328669,3,50.351
4,41.4394886,2.2327340,4,67.259
4,41.4394208,2.2326508,5,77.504
4,41.4393533,2.2325678,6,87.713
4,41.4392208,2.2324158,7,107.149
4,41.4391581,2.2323463,8,116.219
4,41.4391436,2.2323272,9,118.477
4,41.4391392,2.2323219,10,119.141
4,41.4391295,2.2323081,11,120.722
4,41.4391126,2.2322838,12,123.480
4,41.4391023,2.2322672,13,125.281
4,41.4390920,2.2322479,14,127.252
4,41.4390786,2.2322237,15,129.767
4,41.4390657,2.2321981,16,132.338
4,41.4390360,2.2321420,17,138.072
4,41.4389955,2.2321052,18,143.517
4,41.4389773,2.2320904,19,145.888
4,41.4386429,2.2317089,20,194.821
4,41.4381792,2.2311832,21,262.489
4,41.4381306,2.2311324,22,269.358
4,41.4376565,2.2306014,23,338.196
4,41.4376098,2.2305511,24,344.866
4,41.4371557,2.2300460,25,410.614
4,41.4370983,2.2299765,26,419.235
4,41.4367244,2.2295636,27,473.211
4,41.4365794,2.2293988,28,494.392
4,41.4364760,2.2292820,29,509.459
4,41.4360653,2.2288185,30,569.279
4,41.4359418,2.2286825,31,587.085
4,41.4355613,2.2282477,32,642.800
4,41.4353431,2.2280064,33,674.323
4,41.4350315,2.2276617,34,719.339
4,41.4349576,2.2275787,35,730.075
4,41.4346309,2.2272116,36,777.585
4,41.4345203,2.2270775,37,794.203
4,41.4342676,2.2267825,38,831.547
4,41.4340163,2.2264799,39,869.199
4,41.4335668,2.2259666,40,934.996
4,41.4335080,2.2259015,41,943.500
4,41.4332610,2.2256180,42,979.734
4,41.4329896,2.2253163,43,1019.023
4,41.4329263,2.2252455,44,1028.205
4,41.4326019,2.2248845,45,1075.187
4,41.4324712,2.2247447,46,1093.814
4,41.4322486,2.2244995,47,1125.911
4,41.4320792,2.2243214,48,1149.899
4,41.4319547,2.2241817,49,1167.991
4,41.4318182,2.2240463,50,1186.902
4,41.4314337,2.2236340,51,1241.751
4,41.4309950,2.2231542,52,1304.841
4,41.4308652,2.2230235,53,1322.921
4,41.4305588,2.2227108,54,1365.812
4,41.4303654,2.2225135,55,1392.877
4,41.4301393,2.2222952,56,1423.916
4,41.4298630,2.2220987,57,1458.707
4,41.4297063,2.2220295,58,1477.040
4,41.4296535,2.2220180,59,1482.978
4,41.4295738,2.2220007,60,1491.943
4,41.4295060,2.2219979,61,1499.480
4,41.4293940,2.2220151,62,1511.999
4,41.4293477,2.2220395,63,1517.530
4,41.4292637,2.2220769,64,1527.366
4,41.4291139,2.2221472,65,1544.996
4,41.4290816,2.2221616,66,1548.779
4,41.4289492,2.2222320,67,1564.619
4,41.4288705,2.2222923,68,1574.700
4,41.4288027,2.2223843,69,1585.459
4,41.4287434,2.2224705,70,1595.212
4,41.4287294,2.2225135,71,1599.134
4,41.4286002,2.2227779,72,1625.472
4,41.4284677,2.2230364,73,1651.608
4,41.4282879,2.2234027,74,1688.154
4,41.4282254,2.2235291,75,1700.790
4,41.4280207,2.2239529,76,1742.862
4,41.4278570,2.2242732,77,1775.216
4,41.4278376,2.2243048,78,1778.623
4,41.4275199,2.2249469,79,1842.835
4,41.4274768,2.2250259,80,1850.987
4,41.4273147,2.2253555,81,1883.886
4,41.4272366,2.2255143,82,1899.738
4,41.4271473,2.2256996,83,1918.130
4,41.4271300,2.2257356,84,1921.689
4,41.4270891,2.2257945,85,1928.387
4,41.4270352,2.2258361,86,1935.305
4,41.4269932,2.2258577,87,1940.305
4,41.4269265,2.2258548,88,1947.722
4,41.4268812,2.2258548,89,1952.745
4,41.4268467,2.2258275,90,1957.199
4,41.4267003,2.2257040,91,1976.462
4,41.4265506,2.2255732,92,1996.351
4,41.4262183,2.2252863,93,2040.349
4,41.4259958,2.2250892,94,2070.038
4,41.4259134,2.2250109,95,2081.286
4,41.4254374,2.2245983,96,2144.384
4,41.4251490,2.2243446,97,2182.783
4,41.4250780,2.2242850,98,2192.108
4,41.4250062,2.2242218,99,2201.674
4,41.4248773,2.2241108,100,2218.726
4,41.4248642,2.2240979,101,2220.538
4,41.4247563,2.2240091,102,2234.624
4,41.4246871,2.2239471,103,2243.893
4,41.4246380,2.2239074,104,2250.275
4,41.4245907,2.2238595,105,2256.882
4,41.4244907,2.2237729,106,2270.124
4,41.4244031,2.2236993,107,2281.638
4,41.4243207,2.2236292,108,2292.503
4,41.4242909,2.2235999,109,2296.615
4,41.4241392,2.2234713,110,2316.588
4,41.4240218,2.2233661,111,2332.316
4,41.4238342,2.2232013,112,2357.285
4,41.4237904,2.2231639,113,2363.069
4,41.4237343,2.2231148,114,2370.527
4,41.4237036,2.2230867,115,2374.662
4,41.4236650,2.2230528,116,2379.796
4,41.4236343,2.2230260,117,2383.877
4,41.4235826,2.2229757,118,2390.991
4,41.4235458,2.2229453,119,2395.803
4,41.4234617,2.2228693,120,2407.100
4,41.4232890,2.2227080,121,2430.537
4,41.4232083,2.2226133,122,2442.486
4,41.4230961,2.2224800,123,2459.195
4,41.4229568,2.2222942,124,2481.120
4,41.4228945,2.2222076,125,2491.120
4,41.4227582,2.2220288,126,2512.388
4,41.4227231,2.2219800,127,2518.033
4,41.4226676,2.2219060,128,2526.761
4,41.4223066,2.2214246,129,2583.542
4,41.4222715,2.2213815,130,2588.857
4,41.4222349,2.2213383,131,2594.288
4,41.4221821,2.2212778,132,2602.032
4,41.4221401,2.2212217,133,2608.642
4,41.4220497,2.2211042,134,2622.677
4,41.4220005,2.2210386,135,2630.420
4,41.4219131,2.2209208,136,2644.247
4,41.4218709,2.2208664,137,2650.776
4,41.4217667,2.2207219,138,2667.490
4,41.4215993,2.2205043,139,2693.496
4,41.4215437,2.2204264,140,2702.463
4,41.4213116,2.2201084,141,2739.483
4,41.4212912,2.2200803,142,2742.748
4,41.4211265,2.2198583,143,2768.799
4,41.4208715,2.2195255,144,2808.482
4,41.4208134,2.2194497,145,2817.526
4,41.4206100,2.2191725,146,2849.874
4,41.4204468,2.2189554,147,2875.513
4,41.4203524,2.2188235,148,2890.728
4,41.4202194,2.2186449,149,2911.721
4,41.4199501,2.2182885,150,2953.921
4,41.4199069,2.2182326,151,2960.622
4,41.4198608,2.2181657,152,2968.195
4,41.4197956,2.2180750,153,2978.680
4,41.4196953,2.2179366,154,2994.733
4,41.4195720,2.2177763,155,3013.892
4,41.4194887,2.2176684,156,3026.804
4,41.4194722,2.2176480,157,3029.303
4,41.4194424,2.2176077,158,3034.030
4,41.4193556,2.2174902,159,3047.785
4,41.4192449,2.2173371,160,3065.524
4,41.4191256,2.2171752,161,3084.463
4,41.4190567,2.2170925,162,3094.775
4,41.4189931,2.2170149,163,3104.362
4,41.4189210,2.2169322,164,3114.935
4,41.4187907,2.2167625,165,3135.196
4,41.4187310,2.2166831,166,3144.571
4,41.4186582,2.2165870,167,3155.960
4,41.4185141,2.2163951,168,3178.620
4,41.4184687,2.2163341,169,3185.789
4,41.4182030,2.2159833,170,3227.373
4,41.4180302,2.2157527,171,3254.569
4,41.4175598,2.2151214,172,3328.803
4,41.4174857,2.2150239,173,3340.385
4,41.4172672,2.2147320,174,3374.786
4,41.4170726,2.2144733,175,3405.354
4,41.4170022,2.2143813,176,3416.317
4,41.4169628,2.2143233,177,3422.848
4,41.4169261,2.2142647,178,3429.217
4,41.4169118,2.2142291,179,3432.587
4,41.4169016,2.2141876,180,3436.237
4,41.4169008,2.2141055,181,3443.099
4,41.4169011,2.2140697,182,3446.088
4,41.4169138,2.2139989,183,3452.179
4,41.4169359,2.2139451,184,3457.290
4,41.4169579,2.2139033,185,3461.558
4,41.4170480,2.2137839,186,3475.687
4,41.4170716,2.2137504,187,3479.521
4,41.4171765,2.2136090,188,3496.116
4,41.4171933,2.2135867,189,3498.752
4,41.4173644,2.2133581,190,3525.698
4,41.4175069,2.2131670,191,3548.173
4,41.4175411,2.2131209,192,3553.582
4,41.4176409,2.2129891,193,3569.204
4,41.4177619,2.2128266,194,3588.311
4,41.4180113,2.2124940,195,3627.544
4,41.4181425,2.2123190,196,3648.186
4,41.4183577,2.2120326,197,3682.006
4,41.4184906,2.2118567,198,3702.832
4,41.4185960,2.2117174,199,3719.338
4,41.4187763,2.2114752,200,3747.806
4,41.4189660,2.2112216,201,3777.680
4,41.4191229,2.2110123,202,3802.370
4,41.4192005,2.2109096,203,3814.523
4,41.4192827,2.2107939,204,3827.821
4,41.4193331,2.2107564,205,3834.243
4,41.4193685,2.2107379,206,3838.465
4,41.4194168,2.2107230,207,3843.964
4,41.4194362,2.2107195,208,3846.138
4,41.4195079,2.2107316,209,3854.169
4,41.4195337,2.2107374,210,3857.070
4,41.4196033,2.2107764,211,3865.461
4,41.4198091,2.2109279,212,3891.583
4,41.4198764,2.2109616,213,3899.562
4,41.4199343,2.2109846,214,3906.272
4,41.4199957,2.2110012,215,3913.225
4,41.4201246,2.2110208,216,3927.633
4,41.4201995,2.2110326,217,3936.004
4,41.4203187,2.2110495,218,3949.312
4,41.4204609,2.2110712,219,3965.206
4,41.4206177,2.2110929,220,3982.707
4,41.4207342,2.2110915,221,3995.651
4,41.4207614,2.2110776,222,3998.881
4,41.4208023,2.2110585,223,4003.696
4,41.4208171,2.2110452,224,4005.677
4,41.4208285,2.2110319,225,4007.365
4,41.4208426,2.2110171,226,4009.365
4,41.4208658,2.2109940,227,4012.574
4,41.4208843,2.2109725,228,4015.313
4,41.4208953,2.2109452,229,4017.897
4,41.4209057,2.2109153,230,4020.648
4,41.4209176,2.2108779,231,4024.045
4,41.4209329,2.2108008,232,4030.708
4,41.4209253,2.2107074,233,4038.555
4,41.4209031,2.2106303,234,4045.455
4,41.4208885,2.2105952,235,4048.803
4,41.4208675,2.2105516,236,4053.132
4,41.4208213,2.2104901,237,4060.392
4,41.4207232,2.2103545,238,4076.110
4,41.4204257,2.2099652,239,4122.474
4,41.4202249,2.2097180,240,4152.862
4,41.4199860,2.2094093,241,4189.862
4,41.4197402,2.2090915,242,4227.944
4,41.4192787,2.2084418,243,4302.603
4,41.4188120,2.2077891,244,4377.836
4,41.4185074,2.2073661,245,4426.760
4,41.4180144,2.2067103,246,4504.209
4,41.4175215,2.2060697,247,4580.764
4,41.4170503,2.2054535,248,4654.177
4,41.4165654,2.2048145,249,4730.013
4,41.4163604,2.2045509,250,4761.682
8,41.4399760,2.2331777,1,0.000
8,41.4396303,2.2327888,2,50.287
8,41.4395681,2.2327201,3,59.267
8,41.4395323,2.2326790,4,64.517
8,41.4394553,2.2326005,5,75.291
8,41.4394146,2.2325568,6,81.105
8,41.4393450,2.2324910,7,90.585
8,41.4392793,2.2324176,8,100.114
8,41.4391763,2.2323046,9,114.945
8,41.4390360,2.2321420,10,135.613
8,41.4389955,2.2321052,11,141.058
8,41.4389773,2.2320904,12,143.429
8,41.4386429,2.2317089,13,192.362
8,41.4381792,2.2311832,14,260.029
8,41.4381306,2.2311324,15,266.899
8,41.4376565,2.2306014,16,335.737
8,41.4376098,2.2305511,17,342.406
8,41.4371557,2.2300460,18,408.155
8,41.4370983,2.2299765,19,416.775
8,41.4367244,2.2295636,20,470.752
8,41.4365794,2.2293988,21,491.933
8,41.4364760,2.2292820,22,507.000
8,41.4360653,2.2288185,23,566.819
8,41.4359418,2.2286825,24,584.625
8,41.4355613,2.2282477,25,640.341
8,41.4353431,2.2280064,26,671.864
8,41.4350315,2.2276617,27,716.880
8,41.4349576,2.2275787,28,727.616
8,41.4346309,2.2272116,29,775.125
8,41.4345203,2.2270775,30,791.744
8,41.4342676,2.2267825,31,829.088
8,41.4340163,2.2264799,32,866.739
8,41.4335668,2.2259666,33,932.537
8,41.4335080,2.2259015,34,941.041
8,41.4332610,2.2256180,35,977.274
8,41.4329896,2.2253163,36,1016.564
8,41.4329263,2.2252455,37,1025.745
8,41.4326019,2.2248845,38,1072.728
8,41.4324712,2.2247447,39,1091.355
8,41.4322486,2.2244995,40,1123.452
8,41.4320792,2.2243214,41,1147.439
8,41.4319547,2.2241817,42,1165.532
8,41.4318182,2.2240463,43,1184.443
8,41.4314337,2.2236340,44,1239.291
8,41.4309950,2.2231542,45,1302.382
8,41.4308652,2.2230235,46,1320.462
8,41.4305588,2.2227108,47,1363.353
8,41.4303654,2.2225135,48,1390.418
8,41.4301393,2.2222952,49,1421.456
8,41.4298630,2.2220987,50,1456.248
8,41.4297063,2.2220295,51,1474.581
8,41.4296535,2.2220180,52,1480.518
8,41.4295738,2.2220007,53,1489.483
8,41.4295060,2.2219979,54,1497.020
8,41.4293940,2.2220151,55,1509.539
8,41.4293477,2.2220395,56,1515.071
8,41.4292637,2.2220769,57,1524.906
8,41.4291139,2.2221472,58,1542.537
8,41.4290816,2.2221616,59,1546.320
8,41.4289492,2.2222320,60,1562.160
8,41.4288705,2.2222923,61,1572.240
8,41.4288027,2.2223843,62,1583.000
8,41.4287434,2.2224705,63,1592.753
8,41.4287294,2.2225135,64,1596.675
8,41.4286002,2.2227779,65,1623.012
8,41.4284677,2.2230364,66,1649.149
8,41.4282879,2.2234027,67,1685.695
8,41.4282254,2.2235291,68,1698.331
8,41.4280207,2.2239529,69,1740.402
8,41.4278570,2.2242732,70,1772.757
8,41.4278376,2.2243048,71,1776.164
8,41.4275199,2.2249469,72,1840.375
8,41.4274768,2.2250259,73,1848.528
8,41.4273147,2.2253555,74,1881.427
8,41.4272366,2.2255143,75,1897.278
8,41.4271473,2.2256996,76,1915.671
8,41.4271300,2.2257356,77,1919.229
8,41.4270891,2.2257945,78,1925.928
8,41.4270352,2.2258361,79,1932.846
8,41.4269932,2.2258577,80,1937.845
8,41.4269265,2.2258548,81,1945.263
8,41.4268812,2.2258548,82,1950.285
8,41.4268467,2.2258275,83,1954.740
8,41.4267003,2.2257040,84,1974.003
8,41.4265506,2.2255732,85,1993.892
8,41.4262183,2.2252863,86,2037.890
8,41.4259958,2.2250892,87,2067.579
8,41.4259134,2.2250109,88,2078.827
8,41.4254374,2.2245983,89,2141.925
8,41.4251490,2.2243446,90,2180.324
8,41.4250780,2.2242850,91,2189.649
8,41.4250062,2.2242218,92,2199.215
8,41.4248773,2.2241108,93,2216.267
8,41.4248642,2.2240979,94,2218.079
8,41.4247563,2.2240091,95,2232.165
8,41.4246871,2.2239471,96,2241.434
8,41.4246380,2.2239074,97,2247.816
8,41.4245907,2.2238595,98,2254.423
8,41.4244907,2.2237729,99,2267.665
8,41.4244031,2.2236993,100,2279.179
8,41.4243207,2.2236292,101,2290.044
8,41.4242909,2.2235999,102,2294.156
8,41.4241392,2.2234713,103,2314.129
8,41.4240218,2.2233661,104,2329.857
8,41.4238342,2.2232013,105,2354.826
8,41.4237904,2.2231639,106,2360.609
8,41.4237343,2.2231148,107,2368.068
8,41.4237036,2.2230867,108,2372.203
8,41.4236650,2.2230528,109,2377.337
8,41.4236343,2.2230260,110,2381.418
8,41.4235826,2.2229757,111,2388.532
8,41.4235458,2.2229453,112,2393.344
8,41.4234617,2.2228693,113,2404.640
8,41.4232890,2.2227080,114,2428.078
8,41.4232083,2.2226133,115,2440.026
8,41.4230961,2.2224800,116,2456.736
8,41.4229568,2.2222942,117,2478.661
8,41.4228945,2.2222076,118,2488.661
8,41.4227582,2.2220288,119,2509.928
8,41.4227231,2.2219800,120,2515.573
8,41.4226676,2.2219060,121,2524.302
8,41.4223066,2.2214246,122,2581.082
8,41.4222715,2.2213815,123,2586.398
8,41.4222349,2.2213383,124,2591.829
8,41.4221821,2.2212778,125,2599.573
8,41.4221401,2.2212217,126,2606.183
8,41.4220497,2.2211042,127,2620.218
8,41.4220005,2.2210386,128,2627.961
8,41.4219131,2.2209208,129,2641.787
8,41.4218709,2.2208664,130,2648.317
8,41.4217667,2.2207219,131,2665.031
8,41.4215993,2.2205043,132,2691.036
8,41.4215437,2.2204264,133,2700.003
8,41.4213116,2.2201084,134,2737.024
8,41.4212912,2.2200803,135,2740.289
8,41.4211265,2.2198583,136,2766.340
8,41.4208715,2.2195255,137,2806.022
8,41.4208134,2.2194497,138,2815.067
8,41.4206100,2.2191725,139,2847.415
8,41.4204468,2.2189554,140,2873.053
8,41.4203524,2.2188235,141,2888.269
8,41.4202194,2.2186449,142,2909.262
8,41.4199501,2.2182885,143,2951.462
8,41.4199069,2.2182326,144,2958.163
8,41.4198608,2.2181657,145,2965.735
8,41.4197956,2.2180750,146,2976.221
8,41.4196953,2.2179366,147,2992.274
8,41.4195720,2.2177763,148,3011.433
8,41.4194887,2.2176684,149,3024.345
8,41.4194722,2.2176480,150,3026.844
8,41.4194424,2.2176077,151,3031.571
8,41.4193556,2.2174902,152,3045.326
8,41.4192449,2.2173371,153,3063.065
8,41.4191256,2.2171752,154,3082.004
8,41.4190567,2.2170925,155,3092.316
8,41.4189931,2.2170149,156,3101.903
8,41.4189210,2.2169322,157,3112.476
8,41.4187907,2.2167625,158,3132.737
8,41.4187310,2.2166831,159,3142.112
8,41.4186582,2.2165870,160,3153.501
8,41.4185141,2.2163951,161,3176.160
8,41.4184687,2.2163341,162,3183.329
8,41.4182030,2.2159833,163,3224.914
8,41.4180302,2.2157527,164,3252.110
8,41.4175598,2.2151214,165,3326.344
8,41.4174857,2.2150239,166,3337.926
8,41.4172672,2.2147320,167,3372.327
8,41.4170726,2.2144733,168,3402.895
8,41.4170022,2.2143813,169,3413.857
8,41.4169628,2.2143233,170,3420.389
8,41.4169261,2.2142647,171,3426.758
8,41.4169118,2.2142291,172,3430.127
8,41.4169016,2.2141876,173,3433.778
8,41.4169008,2.2141055,174,3440.639
8,41.4169011,2.2140697,175,3443.629
8,41.4169138,2.2139989,176,3449.720
8,41.4169359,2.2139451,177,3454.831
8,41.4169579,2.2139033,178,3459.099
8,41.4170480,2.2137839,179,3473.228
8,41.4170716,2.2137504,180,3477.061
8,41.4171765,2.2136090,181,3493.657
8,41.4171933,2.2135867,182,3496.293
8,41.4173644,2.2133581,183,3523.238
8,41.4175069,2.2131670,184,3545.714
8,41.4175411,2.2131209,185,3551.122
8,41.4176409,2.2129891,186,3566.744
8,41.4177619,2.2128266,187,3585.852
8,41.4180113,2.2124940,188,3625.085
8,41.4181425,2.2123190,189,3645.727
8,41.4183577,2.2120326,190,3679.547
8,41.4184906,2.2118567,191,3700.373
8,41.4185960,2.2117174,192,3716.879
8,41.4187763,2.2114752,193,3745.347
8,41.4189660,2.2112216,194,3775.221
8,41.4191229,2.2110123,195,3799.910
8,41.4192005,2.2109096,196,3812.064
8,41.4192827,2.2107939,197,3825.362
8,41.4193331,2.2107564,198,3831.784
8,41.4193685,2.2107379,199,3836.006
8,41.4194168,2.2107230,200,3841.505
8,41.4194362,2.2107195,201,3843.678
8,41.4195079,2.2107316,202,3851.709
8,41.4195337,2.2107374,203,3854.611
8,41.4196033,2.2107764,204,3863.002
8,41.4198091,2.2109279,205,3889.124
8,41.4198764,2.2109616,206,3897.103
8,41.4199343,2.2109846,207,3903.813
8,41.4199957,2.2110012,208,3910.766
8,41.4201246,2.2110208,209,3925.173
8,41.4201995,2.2110326,210,3933.545
8,41.4203187,2.2110495,211,3946.853
8,41.4204609,2.2110712,212,3962.747
8,41.4206177,2.2110929,213,3980.248
8,41.4207342,2.2110915,214,3993.191
8,41.4207614,2.2110776,215,3996.422
8,41.4208023,2.2110585,216,4001.237
8,41.4208171,2.2110452,217,4003.218
8,41.4208285,2.2110319,218,4004.906
8,41.4208426,2.2110171,219,4006.906
8,41.4208658,2.2109940,220,4010.115
8,41.4208843,2.2109725,221,4012.853
8,41.4208953,2.2109452,222,4015.438
8,41.4209057,2.2109153,223,4018.189
8,41.4209176,2.2108779,224,4021.586
8,41.4209329,2.2108008,225,4028.249
8,41.4209253,2.2107074,226,4036.095
8,41.4209031,2.2106303,227,4042.996
8,41.4208885,2.2105952,228,4046.344
8,41.4208675,2.2105516,229,4050.673
8,41.4208213,2.2104901,230,4057.933
8,41.4207232,2.2103545,231,4073.650
8,41.4204257,2.2099652,232,4120.015
8,41.4202249,2.2097180,233,4150.403
8,41.4199860,2.2094093,234,4187.403
8,41.4197402,2.2090915,235,4225.485
8,41.4192787,2.2084418,236,4300.143
8,41.4188120,2.2077891,237,4375.376
8,41.4185074,2.2073661,238,4424.301
8,41.4180144,2.2067103,239,4501.750
8,41.4175215,2.2060697,240,4578.305
8,41.4170503,2.2054535,241,4651.718
8,41.4165654,2.2048145,242,4727.554
8,41.4163604,2.2045509,243,4759.223
1,41.4239429,2.2305795,1,0.000
1,41.4238284,2.2304847,2,14.978
1,41.4236767,2.2303600,3,34.786
1,41.4235503,2.2302504,4,51.539
1,41.4234795,2.2301915,5,60.814
1,41.4233873,2.2301131,6,72.971
1,41.4233266,2.2300634,7,80.884
1,41.4232502,2.2300010,8,90.844
1,41.4230883,2.2298636,9,112.171
1,41.4230750,2.2298498,10,114.046
1,41.4230289,2.2298066,11,120.313
1,41.4229937,2.2297685,12,125.352
1,41.4229780,2.2297508,13,127.635
1,41.4229622,2.2297339,14,129.885
1,41.4229458,2.2297132,15,132.397
1,41.4229224,2.2296876,16,135.765
1,41.4229148,2.2296792,17,136.862
1,41.4229015,2.2296665,18,138.675
1,41.4228591,2.2296198,19,144.796
1,41.4228034,2.2295728,20,152.125
1,41.4227442,2.2295257,21,159.778
1,41.4226655,2.2294586,22,170.166
1,41.4225560,2.2293657,23,184.588
1,41.4224479,2.2292747,24,198.792
1,41.4223655,2.2292027,25,209.749
1,41.4222418,2.2291022,26,225.846
1,41.4221323,2.2290055,27,240.441
1,41.4220868,2.2289695,28,246.321
1,41.4219518,2.2288557,29,264.076
1,41.4218161,2.2287435,30,281.817
1,41.4216612,2.2286107,31,302.287
1,41.4215659,2.2285311,32,314.783
1,41.4215048,2.2284818,33,322.722
1,41.4213754,2.2283756,34,339.606
1,41.4212432,2.2282634,35,357.027
1,41.4210896,2.2281345,36,377.193
1,41.4209792,2.2280422,37,391.676
1,41.4208721,2.2279493,38,405.878
1,41.4205915,2.2277142,39,442.705
1,41.4203801,2.2275396,40,470.343
1,41.4203321,2.2275005,41,476.597
1,41.4201781,2.2273658,42,497.059
1,41.4200726,2.2272799,43,510.801
1,41.4199576,2.2271703,44,526.512
1,41.4198470,2.2270625,45,541.743
1,41.4198249,2.2270397,46,544.849
1,41.4195917,2.2268055,47,577.306
1,41.4194135,2.2266319,48,601.839
1,41.4193206,2.2265400,49,614.695
1,41.4192745,2.2264970,50,620.950
1,41.4190676,2.2263167,51,648.426
1,41.4188840,2.2261497,52,673.126
1,41.4187785,2.2260538,53,687.324
1,41.4187273,2.2260058,54,694.282
1,41.4185561,2.2258520,55,717.223
1,41.4182585,2.2255862,56,757.039
1,41.4182065,2.2255392,57,764.020
1,41.4181247,2.2254718,58,774.712
1,41.4179292,2.2252997,59,800.750
1,41.4178381,2.2252185,60,812.925
1,41.4176842,2.2250844,61,833.357
1,41.4176670,2.2250693,62,835.645
1,41.4175177,2.2249354,63,855.651
1,41.4173211,2.2247586,64,882.004
1,41.4171858,2.2246355,65,900.213
1,41.4171474,2.2246014,66,905.343
1,41.4171245,2.2245770,67,908.597
1,41.4171145,2.2245672,68,909.980
1,41.4170688,2.2245258,69,916.125
1,41.4170038,2.2244685,70,924.777
1,41.4165473,2.2240597,71,985.904
1,41.4160646,2.2236212,72,1050.823
1,41.4158695,2.2234450,73,1077.021
1,41.4157527,2.2233400,74,1092.676
1,41.4153839,2.2230089,75,1142.096
1,41.4152604,2.2228975,76,1158.672
1,41.4151913,2.2228351,77,1167.949
1,41.4147240,2.2224126,78,1230.705
1,41.4146334,2.2223311,79,1242.847
1,41.4142597,2.2219962,80,1292.903
1,41.4140774,2.2218325,81,1317.324
1,41.4136781,2.2214682,82,1371.111
1,41.4135160,2.2213296,83,1392.510
1,41.4129618,2.2208264,84,1467.042
1,41.4128896,2.2207609,85,1476.750
1,41.4123999,2.2203186,86,1542.493
1,41.4122436,2.2201773,87,1563.486
1,41.4118488,2.2198183,88,1616.603
1,41.4118446,2.2198145,89,1617.163
1,41.4116502,2.2196449,90,1642.988
1,41.4116002,2.2195940,91,1649.983
1,41.4115386,2.2195347,92,1658.422
1,41.4115170,2.2194980,93,1662.318
1,41.4114847,2.2194314,94,1668.945
1,41.4114690,2.2193943,95,1672.500
1,41.4114209,2.2191984,96,1689.721
1,41.4113871,2.2190612,97,1701.783
1,41.4112672,2.2185995,98,1742.611
1,41.4112023,2.2183354,99,1765.826
1,41.4111831,2.2182593,100,1772.539
1,41.4109931,2.2174908,101,1840.143
1,41.4109730,2.2174088,102,1847.352
1,41.4109105,2.2171607,103,1869.223
1,41.4108216,2.2168015,104,1900.820
1,41.4107871,2.2166699,105,1912.472
1,41.4107073,2.2163482,106,1940.782
1,41.4105656,2.2157890,107,1990.090
1,41.4105270,2.2156336,108,2003.773
6,41.4239704,2.2305065,1,0.000
6,41.4237329,2.2303069,2,31.196
6,41.4236710,2.2302563,3,39.265
6,41.4236318,2.2302268,4,44.265
6,41.4235863,2.2301948,5,49.981
6,41.4235187,2.2301535,6,58.242
6,41.4234745,2.2301283,7,63.588
6,41.4234201,2.2300929,8,70.307
6,41.4233740,2.2300566,9,76.256
6,41.4232327,2.2299344,10,94.981
6,41.4228591,2.2296198,11,144.087
6,41.4228034,2.2295728,12,151.416
6,41.4227442,2.2295257,13,159.069
6,41.4226655,2.2294586,14,169.457
6,41.4225560,2.2293657,15,183.879
6,41.4224479,2.2292747,16,198.083
6,41.4223655,2.2292027,17,209.041
6,41.4222418,2.2291022,18,225.137
6,41.4221323,2.2290055,19,239.732
6,41.4220868,2.2289695,20,245.612
6,41.4219518,2.2288557,21,263.367
6,41.4218161,2.2287435,22,281.108
6,41.4216612,2.2286107,23,301.578
6,41.4215659,2.2285311,24,314.074
6,41.4215048,2.2284818,25,322.013
6,41.4213754,2.2283756,26,338.897
6,41.4212432,2.2282634,27,356.318
6,41.4210896,2.2281345,28,376.485
6,41.4209792,2.2280422,29,390.967
6,41.4208721,2.2279493,30,405.169
6,41.4205915,2.2277142,31,441.996
6,41.4203801,2.2275396,32,469.634
6,41.4203321,2.2275005,33,475.888
6,41.4201781,2.2273658,34,496.350
6,41.4200726,2.2272799,35,510.092
6,41.4199576,2.2271703,36,525.804
6,41.4198470,2.2270625,37,541.035
6,41.4198249,2.2270397,38,544.140
6,41.4195917,2.2268055,39,576.597
6,41.4194135,2.2266319,40,601.130
6,41.4193206,2.2265400,41,613.986
6,41.4192745,2.2264970,42,620.241
6,41.4190676,2.2263167,43,647.717
6,41.4188840,2.2261497,44,672.418
6,41.4187785,2.2260538,45,686.615
6,41.4187273,2.2260058,46,693.573
6,41.4185561,2.2258520,47,716.514
6,41.4182585,2.2255862,48,756.330
6,41.4182065,2.2255392,49,763.311
6,41.4181247,2.2254718,50,774.003
6,41.4179292,2.2252997,51,800.041
6,41.4178381,2.2252185,52,812.217
6,41.4176842,2.2250844,53,832.648
6,41.4176670,2.2250693,54,834.936
6,41.4175177,2.2249354,55,854.942
6,41.4173211,2.2247586,56,881.295
6,41.4171858,2.2246355,57,899.504
6,41.4171474,2.2246014,58,904.634
6,41.4171245,2.2245770,59,907.889
6,41.4171145,2.2245672,60,909.271
6,41.4170688,2.2245258,61,915.416
6,41.4170038,2.2244685,62,924.068
6,41.4165473,2.2240597,63,985.195
6,41.4165113,2.2240142,64,990.709
6,41.4164961,2.2239907,65,993.306
6,41.4164796,2.2239590,66,996.524
6,41.4164625,2.2239094,67,1001.080
6,41.4164546,2.2238858,68,1003.237
6,41.4164522,2.2238476,69,1006.441
6,41.4164491,2.2238240,70,1008.440
6,41.4164510,2.2237842,71,1011.775
6,41.4164497,2.2237452,72,1015.038
6,41.4164552,2.2237273,73,1016.652
6,41.4164705,2.2236867,74,1020.446
6,41.4165119,2.2236070,75,1028.538
6,41.4165835,2.2235170,76,1039.484
6,41.4168990,2.2230923,77,1089.345
6,41.4170619,2.2228810,78,1114.625
6,41.4175403,2.2222530,79,1189.298
6,41.4180157,2.2216131,80,1264.437
6,41.4184229,2.2210743,81,1328.240
6,41.4184934,2.2209810,82,1339.289
6,41.4186450,2.2207737,83,1363.448
6,41.4189692,2.2203477,84,1414.070
6,41.4194468,2.2197093,85,1489.295
6,41.4199127,2.2190891,86,1562.517
6,41.4199444,2.2190433,87,1567.720
6,41.4199568,2.2190207,88,1570.057
6,41.4199697,2.2189994,89,1572.339
6,41.4199847,2.2189744,90,1575.009
6,41.4199998,2.2189462,91,1577.900
6,41.4200154,2.2189129,92,1581.179
6,41.4200237,2.2188898,93,1583.318
6,41.4200343,2.2188549,94,1586.461
6,41.4200484,2.2188027,95,1591.096
6,41.4200532,2.2187416,96,1596.229
6,41.4200581,2.2186668,97,1602.504
6,41.4200535,2.2185969,98,1608.364
6,41.4200409,2.2185309,99,1614.057
6,41.4200266,2.2184672,100,1619.617
6,41.4200040,2.2184062,101,1625.297
6,41.4199848,2.2183610,102,1629.629
6,41.4199501,2.2182885,103,1636.811
6,41.4199069,2.2182326,104,1643.512
6,41.4198608,2.2181657,105,1651.085
6,41.4197956,2.2180750,106,1661.571
6,41.4196953,2.2179366,107,1677.624
6,41.4195720,2.2177763,108,1696.782
6,41.4194887,2.2176684,109,1709.694
6,41.4194722,2.2176480,110,1712.193
6,41.4194424,2.2176077,111,1716.920
6,41.4193556,2.2174902,112,1730.676
6,41.4192449,2.2173371,113,1748.414
6,41.4191256,2.2171752,114,1767.354
6,41.4190567,2.2170925,115,1777.665
6,41.4189931,2.2170149,116,1787.252
6,41.4189210,2.2169322,117,1797.825
6,41.4187907,2.2167625,118,1818.086
6,41.4187310,2.2166831,119,1827.462
6,41.4186582,2.2165870,120,1838.850
6,41.4185141,2.2163951,121,1861.510
6,41.4184687,2.2163341,122,1868.679
6,41.4182030,2.2159833,123,1910.264
6,41.4180302,2.2157527,124,1937.460
6,41.4175598,2.2151214,125,2011.693
6,41.4174857,2.2150239,126,2023.275
6,41.4172672,2.2147320,127,2057.676
6,41.4170726,2.2144733,128,2088.244
6,41.4170022,2.2143813,129,2099.207
6,41.4169628,2.2143233,130,2105.738
6,41.4169261,2.2142647,131,2112.107
6,41.4169118,2.2142291,132,2115.477
6,41.4169016,2.2141876,133,2119.128
6,41.4169008,2.2141055,134,2125.989
6,41.4169011,2.2140697,135,2128.978
6,41.4169138,2.2139989,136,2135.069
6,41.4169359,2.2139451,137,2140.181
6,41.4169579,2.2139033,138,2144.448
6,41.4170480,2.2137839,139,2158.577
6,41.4170716,2.2137504,140,2162.411
6,41.4171765,2.2136090,141,2179.006
6,41.4171933,2.2135867,142,2181.642
6,41.4173644,2.2133581,143,2208.588
6,41.4175069,2.2131670,144,2231.063
6,41.4175411,2.2131209,145,2236.472
6,41.4176409,2.2129891,146,2252.094
6,41.4177619,2.2128266,147,2271.202
6,41.4180113,2.2124940,148,2310.434
6,41.4181425,2.2123190,149,2331.076
6,41.4183577,2.2120326,150,2364.897
6,41.4184906,2.2118567,151,2385.723
6,41.4185960,2.2117174,152,2402.228
6,41.4187763,2.2114752,153,2430.697
6,41.4189660,2.2112216,154,2460.571
6,41.4191229,2.2110123,155,2485.260
6,41.4192005,2.2109096,156,2497.413
6,41.4192827,2.2107939,157,2510.711
6,41.4193331,2.2107564,158,2517.133
6,41.4193685,2.2107379,159,2521.355
6,41.4194168,2.2107230,160,2526.855
6,41.4194362,2.2107195,161,2529.028
6,41.4195079,2.2107316,162,2537.059
6,41.4195337,2.2107374,163,2539.960
6,41.4196033,2.2107764,164,2548.351
6,41.4198091,2.2109279,165,2574.473
6,41.4198764,2.2109616,166,2582.452
6,41.4199343,2.2109846,167,2589.162
6,41.4199957,2.2110012,168,2596.115
6,41.4201246,2.2110208,169,2610.523
6,41.4201995,2.2110326,170,2618.895
6,41.4203187,2.2110495,171,2632.202
6,41.4204609,2.2110712,172,2648.096
6,41.4206177,2.2110929,173,2665.598
6,41.4207342,2.2110915,174,2678.541
6,41.4207614,2.2110776,175,2681.771
6,41.4208023,2.2110585,176,2686.586
6,41.4208171,2.2110452,177,2688.567
6,41.4208285,2.2110319,178,2690.255
6,41.4208426,2.2110171,179,2692.255
6,41.4208658,2.2109940,180,2695.464
6,41.4208843,2.2109725,181,2698.203
6,41.4208953,2.2109452,182,2700.787
6,41.4209057,2.2109153,183,2703.538
6,41.4209176,2.2108779,184,2706.935
6,41.4209329,2.2108008,185,2713.598
6,41.4209253,2.2107074,186,2721.445
6,41.4209031,2.2106303,187,2728.345
6,41.4208885,2.2105952,188,2731.693
6,41.4208675,2.2105516,189,2736.023
6,41.4208213,2.2104901,190,2743.282
6,41.4207232,2.2103545,191,2759.000
6,41.4204257,2.2099652,192,2805.364
6,41.4202249,2.2097180,193,2835.752
6,41.4199860,2.2094093,194,2872.752
6,41.4197402,2.2090915,195,2910.834
6,41.4192787,2.2084418,196,2985.493
6,41.4188120,2.2077891,197,3060.726
6,41.4185074,2.2073661,198,3109.650
6,41.4180144,2.2067103,199,3187.099
6,41.4175215,2.2060697,200,3263.655
6,41.4170503,2.2054535,201,3337.068
6,41.4165654,2.2048145,202,3412.903
6,41.4163604,2.2045509,203,3444.572
2,41.4105270,2.2156336,1,0.000
2,41.4105656,2.2157890,2,13.683
2,41.4107073,2.2163482,3,62.991
2,41.4107871,2.2166699,4,91.301
2,41.4107895,2.2166993,5,93.773
2,41.4107899,2.2167298,6,96.325
2,41.4107893,2.2167538,7,98.330
2,41.4107867,2.2167862,8,101.055
2,41.4107842,2.2168165,9,103.602
2,41.4107830,2.2168335,10,105.031
2,41.4107821,2.2168546,11,106.801
2,41.4107830,2.2168707,12,108.150
2,41.4107849,2.2169061,13,111.110
2,41.4107946,2.2169576,14,115.553
2,41.4109884,2.2177457,15,184.848
2,41.4110018,2.2177991,16,189.551
2,41.4111008,2.2181992,17,224.749
2,41.4111838,2.2185280,18,253.738
2,41.4112065,2.2186250,19,262.228
2,41.4112920,2.2189619,20,291.942
2,41.4113187,2.2190683,21,301.317
2,41.4113864,2.2193144,22,323.214
2,41.4114236,2.2194476,23,335.089
2,41.4114520,2.2195033,24,340.716
2,41.4114865,2.2195646,25,347.114
2,41.4115254,2.2196104,26,352.884
2,41.4115954,2.2196827,27,362.726
2,41.4116668,2.2197460,28,372.258
2,41.4117571,2.2198272,29,384.360
2,41.4118208,2.2198847,30,392.911
2,41.4119641,2.2200139,31,412.140
2,41.4124704,2.2204733,32,480.222
2,41.4125261,2.2205242,33,487.725
2,41.4128961,2.2208563,34,537.300
2,41.4130836,2.2210259,35,562.485
2,41.4134314,2.2213372,36,609.044
2,41.4136379,2.2215250,37,636.830
2,41.4136776,2.2215624,38,642.231
2,41.4139790,2.2218315,39,682.554
2,41.4142021,2.2220335,40,712.531
2,41.4142492,2.2220768,41,718.890
2,41.4144829,2.2222889,42,750.311
2,41.4146448,2.2224323,43,771.910
2,41.4147423,2.2225223,44,785.091
2,41.4152228,2.2229555,45,849.563
2,41.4152270,2.2229594,46,850.130
2,41.4153227,2.2230475,47,863.057
2,41.4155078,2.2232175,48,888.041
2,41.4158277,2.2235057,49,930.957
2,41.4158641,2.2235379,50,935.813
2,41.4160694,2.2237198,51,963.216
2,41.4162744,2.2239023,52,990.610
2,41.4165355,2.2241371,53,1025.613
2,41.4167153,2.2243048,54,1050.004
2,41.4167703,2.2243507,55,1057.214
2,41.4169879,2.2245486,56,1086.501
2,41.4171013,2.2246411,57,1101.271
2,41.4171958,2.2247208,58,1113.703
2,41.4172425,2.2247586,59,1119.767
2,41.4172836,2.2247952,60,1125.263
2,41.4173302,2.2248342,61,1131.381
2,41.4174674,2.2249464,62,1149.261
2,41.4175844,2.2250378,63,1164.333
2,41.4176627,2.2251083,64,1174.830
2,41.4177486,2.2251834,65,1186.250
2,41.4178375,2.2252631,66,1198.164
2,41.4179023,2.2253158,67,1206.591
2,41.4180822,2.2254730,68,1230.503
2,41.4182605,2.2256347,69,1254.467
2,41.4184393,2.2257927,70,1278.310
2,41.4184651,2.2258147,71,1281.710
2,41.4187273,2.2260530,72,1316.981
2,41.4188704,2.2261795,73,1336.069
2,41.4189409,2.2262417,74,1345.462
2,41.4190321,2.2263232,75,1357.666
2,41.4192436,2.2265147,76,1386.081
2,41.4192846,2.2265518,77,1391.595
2,41.4193845,2.2266487,78,1405.323
2,41.4194445,2.2267128,79,1413.870
2,41.4194963,2.2267616,80,1420.926
2,41.4195475,2.2268097,81,1427.883
2,41.4195740,2.2268392,82,1431.725
2,41.4196353,2.2268973,83,1440.087
2,41.4198072,2.2270743,84,1464.229
2,41.4199247,2.2271872,85,1480.332
2,41.4199999,2.2272563,86,1490.483
2,41.4201143,2.2273608,87,1505.894
2,41.4201579,2.2273970,88,1511.604
2,41.4204028,2.2276040,89,1543.831
2,41.4206588,2.2278153,90,1577.290
2,41.4206858,2.2278393,91,1580.899
2,41.4208797,2.2280005,92,1606.286
2,41.4210204,2.2281231,93,1624.972
2,41.4211479,2.2282337,94,1641.876
2,41.4213586,2.2284052,95,1669.312
2,41.4215011,2.2285258,96,1688.065
2,41.4216262,2.2286301,97,1704.463
2,41.4217342,2.2287173,98,1718.500
2,41.4217655,2.2287457,99,1722.708
2,41.4219091,2.2288633,100,1741.434
2,41.4220854,2.2290169,101,1764.839
2,41.4222034,2.2291154,102,1780.316
2,41.4222603,2.2291610,103,1787.686
2,41.4223129,2.2292027,104,1794.488
2,41.4223569,2.2292463,105,1800.589
2,41.4224110,2.2292918,106,1807.691
2,41.4224963,2.2293638,107,1818.913
2,41.4225958,2.2294472,108,1831.978
2,41.4226837,2.2295197,109,1843.465
2,41.4227747,2.2295956,110,1855.391
2,41.4228499,2.2296562,111,1865.158
2,41.4228733,2.2296782,112,1868.334
2,41.4229470,2.2297393,113,1877.982
2,41.4230289,2.2298066,114,1888.670
2,41.4230750,2.2298498,115,1894.937
2,41.4230883,2.2298636,116,1896.812
2,41.4232502,2.2300010,117,1918.139
2,41.4233266,2.2300634,118,1928.099
2,41.4233873,2.2301131,119,1936.012
2,41.4234795,2.2301915,120,1948.169
2,41.4235503,2.2302504,121,1957.444
2,41.4236767,2.2303600,122,1974.197
2,41.4238284,2.2304847,123,1994.005
2,41.4239429,2.2305795,124,2008.983
